100
1111000000100111000011101100111001101011110001001011110000001001110000111011001110011010111100010010
1100010010100101100011101100111001101011110001001011110000001001110000111011001110011010111100010010
0110111100100001001011101100111001101011110001001011110000001001110000111011001110011010111100010010
1011001000100101000011101100111001101011110001001011110000001001110000111011001110011010111100010010
0000001001100111000011101100111001101011110001001011110000001001110000111011001110011010111100010010
1110111110100100010011101100111001101011110001001011110000001001110000111011001110011010111100010010
0101011101100011010011101100111001101011110001001011110000001001110000111011001110011010111100010010
1001110000100101110111101100111001101011110001001011110000001001110000111011001110011010111100010010
1010111010100010010111101100111001101011110001001011110000001001110000111011001110011010111100010010
0111101001100111011111101100111001101011110001001011110000001001110000111011001110011010111100010010
1111000000101000010111101100111001101011110001001011110000001001110000111011001110011010111100010010
1100010010101100011011101100111001101011110001001011110000001001110000111011001110011010111100010010
0110111100100110111011101100111001101011110001001011110000001001110000111011001110011010111100010010
1011001000100001100111101100111001101011110001001011110000001001110000111011001110011010111100010010
0000001001111010101111101100111001101011110001001011110000001001110000111011001110011010111100010010
1110110011100110101111101100111001101011110001001011110000001001110000111011001110011010111100010010
0101011101101100001011101100111001101011110001001011110000001001110000111011001110011010111100010010
1001010000100110001111101100111001101011110001001011110000001001110000111011001110011010111100010010
1010111010100101100011101100111001101011110001001011110000001001110000111011001110011010111100010010
0010101001101010101111101100111001101011110001001011110000001001110000111011001110011010111100010010
1111000000100111000011101100111001101011110001001011110000001001110000111011001110011010111100010010
1100010010100101100011101100111001101011110001001011110000001001110000111011001110011010111100010010
0110111100100001001011101100111001101011110001001011110000001001110000111011001110011010111100010010
1011001000100101000011101100111001101011110001001011110000001001110000111011001110011010111100010010
0000001001100111000011101100111001101011110001001011110000001001110000111011001110011010111100010010
1110111110100100010011101100111001101011110001001011110000001001110000111011001110011010111100010010
0101011101100011010011101100111001101011110001001011110000001001110000111011001110011010111100010010
1001110000100101110111101100111001101011110001001011110000001001110000111011001110011010111100010010
1010111010100010010111101100111001101011110001001011110000001001110000111011001110011010111100010010
0111101001100111011111101100111001101011110001001011110000001001110000111011001110011010111100010010
1111000000101000010111101100111001101011110001001011110000001001110000111011001110011010111100010010
1100010010101100011011101100111001101011110001001011110000001001110000111011001110011010111100010010
0110111100100110111011101100111001101011110001001011110000001001110000111011001110011010111100010010
1011001000100001100111101100111001101011110001001011110000001001110000111011001110011010111100010010
0000001001111010101111101100111001101011110001001011110000001001110000111011001110011010111100010010
1110110011100110101111101100111001101011110001001011110000001001110000111011001110011010111100010010
0101011101101100001000101010011010101011110001001011110000001001110000111011001110011010111100010010
1001010000100110001100101010011010101011110001001011110000001001110000111011001110011010111100010010
1010111010100101100000101010011010101011110001001011110000001001110000111011001110011010111100010010
0010101001101010101100101010011010101011110001001011110000001001110000111011001110011010111100010010
1111000000101000010111101100111001101011110001001011110000001001110000111011001110011010111100010010
1100010010101100011011101100111001101011110001001011110000001001110000111011001110011010111100010010
0110111100100110111011101100111001101011110001001011110000001001110000111011001110011010111100010010
1011001000100001100111101100111001101011110001001011110000001001110000111011001110011010111100010010
0000001001111010101111101100111001101011110001001011110000001001110000111011001110011010111100010010
1110110011100110101111101100111001101011110001001011110000001001110000111011001110011010111100010010
0101011101101100001000101010011010101011110001001011110000001001110000111011001110011010111100010010
1001010000100110001100101010011010101011110001001011110000001001110000111011001110011010111100010010
1010111010100101100000101010011010101011110001001011110000001001110000111011001110011010111100010010
0010101001101010101100101010011010101011110001001011110000001001110000111011001110011010111100010010
1111000000100111000011101100111001101011110001001011110000001001110000111011001110011010111100010010
1100010010100101100011101100111001101011110001001011110000001001110000111011001110011010111100010010
0110111100100001001011101100111001101011110001001011110000001001110000111011001110011010111100010010
1011001000100101000011101100111001101011110001001011110000001001110000111011001110011010111100010010
0000001001100111000011101100111001101011110001001011110000001001110000111011001110011010111100010010
1110111110100100010011101100111001101011110001001011110000001001110000111011001110011010111100010010
0101011101100011010011101100111001101011110001001011110000001001110000111011001110011010111100010010
1001110000100101110111101100111001101011110001001011110000001001110000111011001110011010111100010010
1010111010100010010111101100111001101011110001001011110000001001110000111011001110011010111100010010
0111101001100111011111101100111001101011110001001011110000001001110000111011001110011010111100010010
1111000000101000010111101100111001101011110001001011110000001001110000111011001110011010111100010010
1100010010101100011011101100111001101011110001001011110000001001110000111011001110011010111100010010
0110111100100110111011101100111001101011110001001011110000001001110000111011001110011010111100010010
1011001000100001100111101100111001101011110001001011110000001001110000111011001110011010111100010010
0000001001111010101111101100111001101011110001001011110000001001110000111011001110011010111100010010
1110110011100110101111101100111001101011110001001011110000001001110000111011001110011010111100010010
0101011101101100001011101100111001101011110001001011110000001001110000111011001110011010111100010010
1001010000100110001111101100111001101011110001001011110000001001110000111011001110011010111100010010
1010111010100101100011101100111001101011110001001011110000001001110000111011001110011010111100010010
0010101001101010101111101100111001101011110001001011110000001001110000111011001110011010111100010010
1111000000100111000011101100111001101011110001001011110000001001110000111011001110011010111100010010
1100010010100101100011101100111001101011110001001011110000001001110000111011001110011010111100010010
0110111100100001001011101100111001101011110001001011110000001001110000111011001110011010111100010010
1011001000100101000011101100111001101011110001001011110000001001110000111011001110011010111100010010
0000001001100111000011101100111001101011110001001011110000001001110000111011001110011010111100010010
1110111110100100010011101100111001101011110001001011110000001001110000111011001110011010111100010010
0101011101100011010011101100111001101011110001001011110000001001110000111011001110011010111100010010
1001110000100101110111101100111001101011110001001011110000001001110000111011001110011010111100010010
1010111010100010010111101100111001101011110001001011110000001001110000111011001110011010111100010010
0111101001100111011111101100111001101011110001001011110000001001110000111011001110011010111100010010
1111000000101000010111101100111001101011110001001011110000001001110000111011001110011010111100010010
1100010010101100011011101100111001101011110001001011110000001001110000111011001110011010111100010010
0110111100100110111011101100111001101011110001001011110000001001110000111011001110011010111100010010
1011001000100001100111101100111001101011110001001011110000001001110000111011001110011010111100010010
0000001001111010101111101100111001101011110001001011110000001001110000111011001110011010111100010010
1110110011100110101111101100111001101011110001001011110000001001110000111011001110011010111100010010
0101011101101100001000101010011010101011110001001011110000001001110000111011001110011010111100010010
1001010000100110001100101010011010101011110001001011110000001001110000111011001110011010111100010010
1010111010100101100000101010011010101011110001001011110000001001110000111011001110011010111100010010
0010101001101010101100101010011010101011110001001011110000001001110000111011001110011010111100010010
1111000000101000010111101100111001101011110001001011110000001001110000111011001110011010111100010010
1100010010101100011011101100111001101011110001001011110000001001110000111011001110011010111100010010
0110111100100110111011101100111001101011110001001011110000001001110000111011001110011010111100010010
1011001000100001100111101100111001101011110001001011110000001001110000111011001110011010111100010010
0000001001111010101111101100111001101011110001001011110000001001110000111011001110011010111100010010
1110110011100110101111101100111001101011110001001011110000001001110000111011001110011010111100010010
0101011101101100001000101010011010101011110001001011110000001001110000111011001110011010111100010010
1001010000100110001100101010011010101011110001001011110000001001110000111011001110011010111100010010
1010111010100101100000101010011010101011110001001011110000001001110000111011001110011010111100010010
0010101001101010101100101010011010101011110001001011110000001001110000111011001110011010111100010010