50
11110000001001110000111011001110011010111100010010
11000100101001011000111011001110011010111100010010
01101111001000010010111011001110011010111100010010
10110010001001010000111011001110011010111100010010
00000010011001110000111011001110011010111100010010
11101111101001000100111011001110011010111100010010
01010111011000110100111011001110011010111100010010
10011100001001011101111011001110011010111100010010
10101110101000100101111011001110011010111100010010
01111010011001110111111011001110011010111100010010
11110000001010000101111011001110011010111100010010
11000100101011000110111011001110011010111100010010
01101111001001101110111011001110011010111100010010
10110010001000011001111011001110011010111100010010
00000010011110101011111011001110011010111100010010
11101100111001101011111011001110011010111100010010
01010111011011000010111011001110011010111100010010
10010100001001100011111011001110011010111100010010
10101110101001011000111011001110011010111100010010
00101010011010101011111011001110011010111100010010
11110000001001110000111011001110011010111100010010
11000100101001011000111011001110011010111100010010
01101111001000010010111011001110011010111100010010
10110010001001010000111011001110011010111100010010
00000010011001110000111011001110011010111100010010
11101111101001000100111011001110011010111100010010
01010111011000110100111011001110011010111100010010
10011100001001011101111011001110011010111100010010
10101110101000100101111011001110011010111100010010
01111010011001110111111011001110011010111100010010
11110000001010000101111011001110011010111100010010
11000100101011000110111011001110011010111100010010
01101111001001101110111011001110011010111100010010
10110010001000011001111011001110011010111100010010
00000010011110101011111011001110011010111100010010
11101100111001101011111011001110011010111100010010
01010111011011000010001010100110101010111100010010
10010100001001100011001010100110101010111100010010
10101110101001011000001010100110101010111100010010
00101010011010101011001010100110101010111100010010
11110000001010000101111011001110011010111100010010
11000100101011000110111011001110011010111100010010
01101111001001101110111011001110011010111100010010
10110010001000011001111011001110011010111100010010
00000010011110101011111011001110011010111100010010
11101100111001101011111011001110011010111100010010
01010111011011000010001010100110101010111100010010
10010100001001100011001010100110101010111100010010
10101110101001011000001010100110101010111100010010
00101010011010101011001010100110101010111100010010